1000
0.000000e+00	3.255474e-04	0.000000e+00	0.000000e+00
3.742002e-04	3.255474e-04	1.426326e+00	1.496803e-03
7.484003e-04	3.255474e-04	1.426326e+00	2.993606e-03
1.122600e-03	3.255474e-04	1.426326e+00	4.490409e-03
1.496801e-03	3.255474e-04	1.426326e+00	5.987212e-03
1.871001e-03	3.255474e-04	1.426326e+00	7.484016e-03
2.245201e-03	3.255474e-04	1.426326e+00	8.980819e-03
2.619401e-03	3.255474e-04	1.426326e+00	1.047762e-02
2.993601e-03	3.255474e-04	1.426326e+00	1.197442e-02
3.367801e-03	3.255474e-04	1.426326e+00	1.347123e-02
3.742002e-03	3.255474e-04	1.426326e+00	1.496803e-02
4.116202e-03	3.255474e-04	1.426326e+00	1.646483e-02
4.490402e-03	3.255474e-04	1.426326e+00	1.796164e-02
4.864602e-03	3.255474e-04	1.426326e+00	1.945844e-02
5.238802e-03	3.255474e-04	1.426326e+00	2.095524e-02
5.613002e-03	3.255474e-04	1.426326e+00	2.245205e-02
5.987202e-03	3.255474e-04	1.426326e+00	2.394885e-02
6.361403e-03	3.255474e-04	1.426326e+00	2.544565e-02
6.735603e-03	3.255474e-04	1.426326e+00	2.694246e-02
7.109803e-03	3.255474e-04	1.426326e+00	2.843926e-02
7.484003e-03	3.255474e-04	1.426326e+00	2.993606e-02
7.858203e-03	3.255474e-04	1.426326e+00	3.143287e-02
8.232403e-03	3.255474e-04	1.426326e+00	3.292967e-02
8.606604e-03	3.255474e-04	1.426326e+00	3.442647e-02
8.980804e-03	3.255474e-04	1.426326e+00	3.592327e-02
9.355004e-03	3.255474e-04	1.426326e+00	3.742008e-02
9.729204e-03	3.255474e-04	1.426326e+00	3.891688e-02
1.010340e-02	3.255474e-04	1.426326e+00	4.041368e-02
1.047760e-02	3.255474e-04	1.426326e+00	4.191049e-02
1.085180e-02	3.255474e-04	1.426326e+00	4.340729e-02
1.122600e-02	3.255474e-04	1.426326e+00	4.490409e-02
1.160020e-02	3.255474e-04	1.426326e+00	4.640090e-02
1.197440e-02	3.255474e-04	1.426326e+00	4.789770e-02
1.234861e-02	3.255474e-04	1.426326e+00	4.939450e-02
1.272281e-02	3.255474e-04	1.426326e+00	5.089131e-02
1.309701e-02	3.255474e-04	1.426326e+00	5.238811e-02
1.347121e-02	3.255474e-04	1.426326e+00	5.388491e-02
1.384541e-02	3.255474e-04	1.426326e+00	5.538172e-02
1.421961e-02	3.255474e-04	1.426326e+00	5.687852e-02
1.459381e-02	3.255474e-04	1.426326e+00	5.837532e-02
1.496801e-02	3.255474e-04	1.426326e+00	5.987212e-02
1.534221e-02	3.255474e-04	1.426326e+00	6.136893e-02
1.571641e-02	3.255474e-04	1.426326e+00	6.286573e-02
1.609061e-02	3.255474e-04	1.426326e+00	6.436253e-02
1.646481e-02	3.255474e-04	1.426326e+00	6.585934e-02
1.683901e-02	3.255474e-04	1.426326e+00	6.735614e-02
1.721321e-02	3.255474e-04	1.426326e+00	6.885294e-02
1.758741e-02	3.255474e-04	1.426326e+00	7.034975e-02
1.796161e-02	3.255474e-04	1.426326e+00	7.184655e-02
1.833581e-02	3.255474e-04	1.426326e+00	7.334335e-02
1.871001e-02	3.255474e-04	1.426326e+00	7.484016e-02
1.908421e-02	3.255474e-04	1.426326e+00	7.633696e-02
1.945841e-02	3.255474e-04	1.426326e+00	7.783376e-02
1.983261e-02	3.255474e-04	1.426326e+00	7.933057e-02
2.020681e-02	3.255474e-04	1.426326e+00	8.082737e-02
2.058101e-02	3.255474e-04	1.426326e+00	8.232417e-02
2.095521e-02	3.255474e-04	1.426326e+00	8.382097e-02
2.132941e-02	3.255474e-04	1.426326e+00	8.531778e-02
2.170361e-02	3.255474e-04	1.426326e+00	8.681458e-02
2.207781e-02	3.255474e-04	1.426326e+00	8.831138e-02
2.245201e-02	3.255474e-04	1.426326e+00	8.980819e-02
2.282621e-02	3.255474e-04	1.426326e+00	9.130499e-02
2.320041e-02	3.255474e-04	1.426326e+00	9.280179e-02
2.357461e-02	3.255474e-04	1.426326e+00	9.429860e-02
2.394881e-02	3.255474e-04	1.426326e+00	9.579540e-02
2.432301e-02	3.255474e-04	1.426326e+00	9.729220e-02
2.469721e-02	3.255474e-04	1.426326e+00	9.878901e-02
2.507141e-02	3.255474e-04	1.426326e+00	1.002858e-01
2.544561e-02	3.255474e-04	1.426326e+00	1.017826e-01
2.581981e-02	3.255474e-04	1.426326e+00	1.032794e-01
2.619401e-02	3.255474e-04	1.426326e+00	1.047762e-01
2.656821e-02	3.255474e-04	1.426326e+00	1.062730e-01
2.694241e-02	3.255474e-04	1.426326e+00	1.077698e-01
2.731661e-02	3.255474e-04	1.426326e+00	1.092666e-01
2.769081e-02	3.255474e-04	1.426326e+00	1.107634e-01
2.806501e-02	3.255474e-04	1.426326e+00	1.122602e-01
2.843921e-02	3.255474e-04	1.426326e+00	1.137570e-01
2.881341e-02	3.255474e-04	1.426326e+00	1.152538e-01
2.918761e-02	3.255474e-04	1.426326e+00	1.167506e-01
2.956181e-02	3.255474e-04	1.426326e+00	1.182474e-01
2.993601e-02	3.255474e-04	1.426326e+00	1.197442e-01
3.031021e-02	3.255474e-04	1.426326e+00	1.212411e-01
3.068441e-02	3.255474e-04	1.426326e+00	1.227379e-01
3.105861e-02	3.255474e-04	1.426326e+00	1.242347e-01
3.143281e-02	3.255474e-04	1.426326e+00	1.257315e-01
3.180701e-02	3.255474e-04	1.426326e+00	1.272283e-01
3.218121e-02	3.255474e-04	1.426326e+00	1.287251e-01
3.255541e-02	3.255474e-04	1.426326e+00	1.302219e-01
3.292961e-02	3.255474e-04	1.426326e+00	1.317187e-01
3.330381e-02	3.255474e-04	1.426326e+00	1.332155e-01
3.367801e-02	3.255474e-04	1.426326e+00	1.347123e-01
3.405221e-02	3.255474e-04	1.426326e+00	1.362091e-01
3.442641e-02	3.255474e-04	1.426326e+00	1.377059e-01
3.480061e-02	3.255474e-04	1.426326e+00	1.392027e-01
3.517481e-02	3.255474e-04	1.426326e+00	1.406995e-01
3.554901e-02	3.255474e-04	1.426326e+00	1.421963e-01
3.592321e-02	3.255474e-04	1.426326e+00	1.436931e-01
3.629742e-02	3.255474e-04	1.426326e+00	1.451899e-01
3.667162e-02	3.255474e-04	1.426326e+00	1.466867e-01
3.704582e-02	3.255474e-04	1.426326e+00	1.481835e-01
3.742002e-02	3.255474e-04	1.426326e+00	1.496803e-01
3.779422e-02	3.255474e-04	1.426326e+00	1.511771e-01
3.816842e-02	3.255474e-04	1.426326e+00	1.526739e-01
3.854262e-02	3.255474e-04	1.426326e+00	1.541707e-01
3.891682e-02	3.255474e-04	1.426326e+00	1.556675e-01
3.929102e-02	3.255474e-04	1.426326e+00	1.571643e-01
3.966522e-02	3.255474e-04	1.426326e+00	1.586611e-01
4.003942e-02	3.255474e-04	1.426326e+00	1.601579e-01
4.041362e-02	3.255474e-04	1.426326e+00	1.616547e-01
4.078782e-02	3.255474e-04	1.426326e+00	1.631515e-01
4.116202e-02	3.255474e-04	1.426326e+00	1.646483e-01
4.153622e-02	3.255474e-04	1.426326e+00	1.661451e-01
4.191042e-02	3.255474e-04	1.426326e+00	1.676419e-01
4.228462e-02	3.255474e-04	1.426326e+00	1.691388e-01
4.265882e-02	3.255474e-04	1.426326e+00	1.706356e-01
4.303302e-02	3.255474e-04	1.426326e+00	1.721324e-01
4.340722e-02	3.255474e-04	1.426326e+00	1.736292e-01
4.378142e-02	3.255474e-04	1.426326e+00	1.751260e-01
4.415562e-02	3.255474e-04	1.426326e+00	1.766228e-01
4.452982e-02	3.255474e-04	1.426326e+00	1.781196e-01
4.490402e-02	3.255474e-04	1.426326e+00	1.796164e-01
4.527822e-02	3.255474e-04	1.426326e+00	1.811132e-01
4.565242e-02	3.255474e-04	1.426326e+00	1.826100e-01
4.602662e-02	3.255474e-04	1.426326e+00	1.841068e-01
4.640082e-02	3.255474e-04	1.426326e+00	1.856036e-01
4.677502e-02	3.255474e-04	1.426326e+00	1.871004e-01
4.714922e-02	3.255474e-04	1.426326e+00	1.885972e-01
4.752342e-02	3.255474e-04	1.426326e+00	1.900940e-01
4.789762e-02	3.255474e-04	1.426326e+00	1.915908e-01
4.827182e-02	3.255474e-04	1.426326e+00	1.930876e-01
4.864602e-02	3.255474e-04	1.426326e+00	1.945844e-01
4.902022e-02	3.255474e-04	1.426326e+00	1.960812e-01
4.939442e-02	3.255474e-04	1.426326e+00	1.975780e-01
4.976862e-02	3.255474e-04	1.426326e+00	1.990748e-01
5.014282e-02	3.255474e-04	1.426326e+00	2.005716e-01
5.051702e-02	3.255474e-04	1.426326e+00	2.020684e-01
5.089122e-02	3.255474e-04	1.426326e+00	2.035652e-01
5.126542e-02	3.255474e-04	1.426326e+00	2.050620e-01
5.163962e-02	3.255474e-04	1.426326e+00	2.065588e-01
5.201382e-02	3.255474e-04	1.426326e+00	2.080556e-01
5.238802e-02	3.255474e-04	1.426326e+00	2.095524e-01
5.276222e-02	3.255474e-04	1.426326e+00	2.110492e-01
5.313642e-02	3.255474e-04	1.426326e+00	2.125460e-01
5.351062e-02	3.255474e-04	1.426326e+00	2.140428e-01
5.388482e-02	3.255474e-04	1.426326e+00	2.155396e-01
5.425902e-02	3.255474e-04	1.426326e+00	2.170365e-01
5.463322e-02	3.255474e-04	1.426326e+00	2.185333e-01
5.500742e-02	3.255474e-04	1.426326e+00	2.200301e-01
5.538162e-02	3.255474e-04	1.426326e+00	2.215269e-01
5.575582e-02	3.255474e-04	1.426326e+00	2.230237e-01
5.613002e-02	3.255474e-04	1.426326e+00	2.245205e-01
5.650422e-02	3.255474e-04	1.426326e+00	2.260173e-01
5.687842e-02	3.255474e-04	1.426326e+00	2.275141e-01
5.725262e-02	3.255474e-04	1.426326e+00	2.290109e-01
5.762682e-02	3.255474e-04	1.426326e+00	2.305077e-01
5.800102e-02	3.255474e-04	1.426326e+00	2.320045e-01
5.837522e-02	3.255474e-04	1.426326e+00	2.335013e-01
5.874942e-02	3.319252e-04	1.425893e+00	2.349981e-01
5.912362e-02	3.416069e-04	1.425780e+00	2.364949e-01
5.949782e-02	3.511682e-04	1.426279e+00	2.379917e-01
5.987202e-02	3.614438e-04	1.425882e+00	2.394886e-01
6.024623e-02	3.716428e-04	1.426016e+00	2.409854e-01
6.062043e-02	3.821097e-04	1.426073e+00	2.424822e-01
6.099463e-02	3.929001e-04	1.425975e+00	2.439790e-01
6.136883e-02	4.037041e-04	1.426227e+00	2.454759e-01
6.174303e-02	4.150430e-04	1.426009e+00	2.469727e-01
6.211723e-02	4.262882e-04	1.426300e+00	2.484695e-01
6.249143e-02	4.381361e-04	1.426055e+00	2.499663e-01
6.286563e-02	4.498968e-04	1.426295e+00	2.514632e-01
6.323983e-02	4.622170e-04	1.426099e+00	2.529600e-01
6.361403e-02	4.745455e-04	1.426243e+00	2.544568e-01
6.398823e-02	4.873044e-04	1.426156e+00	2.559537e-01
6.436243e-02	5.002365e-04	1.426187e+00	2.574505e-01
6.473663e-02	5.134036e-04	1.426255e+00	2.589473e-01
6.511083e-02	5.269626e-04	1.426173e+00	2.604442e-01
6.548503e-02	5.406515e-04	1.426264e+00	2.619410e-01
6.585923e-02	5.547099e-04	1.426247e+00	2.634379e-01
6.623343e-02	5.690708e-04	1.426207e+00	2.649347e-01
6.660763e-02	5.836324e-04	1.426263e+00	2.664315e-01
6.698183e-02	5.984933e-04	1.426306e+00	2.679284e-01
6.735603e-02	6.137448e-04	1.426247e+00	2.694252e-01
6.773023e-02	6.292424e-04	1.426244e+00	2.709221e-01
6.810443e-02	6.450095e-04	1.426274e+00	2.724189e-01
6.847863e-02	6.610651e-04	1.426319e+00	2.739158e-01
6.885283e-02	6.774790e-04	1.426319e+00	2.754126e-01
6.922703e-02	6.942334e-04	1.426295e+00	2.769095e-01
6.960123e-02	7.112921e-04	1.426286e+00	2.784064e-01
6.997543e-02	7.286659e-04	1.426285e+00	2.799032e-01
7.034963e-02	7.463637e-04	1.426288e+00	2.814001e-01
7.072383e-02	7.643922e-04	1.426292e+00	2.828969e-01
7.109803e-02	7.827569e-04	1.426297e+00	2.843938e-01
7.147223e-02	8.014618e-04	1.426303e+00	2.858907e-01
7.184643e-02	8.205098e-04	1.426311e+00	2.873875e-01
7.222063e-02	8.399027e-04	1.426323e+00	2.888844e-01
7.259483e-02	8.596416e-04	1.426342e+00	2.903813e-01
7.296903e-02	8.797659e-04	1.426341e+00	2.918782e-01
7.334323e-02	9.002746e-04	1.426326e+00	2.933750e-01
7.371743e-02	9.211351e-04	1.426324e+00	2.948719e-01
7.409163e-02	9.423453e-04	1.426338e+00	2.963688e-01
7.446583e-02	9.639413e-04	1.426347e+00	2.978657e-01
7.484003e-02	9.859557e-04	1.426334e+00	2.993626e-01
7.521423e-02	1.008315e-03	1.426348e+00	3.008595e-01
7.558843e-02	1.031095e-03	1.426345e+00	3.023564e-01
7.596263e-02	1.054265e-03	1.426347e+00	3.038533e-01
7.633683e-02	1.077832e-03	1.426352e+00	3.053502e-01
7.671103e-02	1.101815e-03	1.426353e+00	3.068471e-01
7.708523e-02	1.126213e-03	1.426353e+00	3.083440e-01
7.745943e-02	1.151001e-03	1.426368e+00	3.098409e-01
7.783363e-02	1.176259e-03	1.426358e+00	3.113378e-01
7.820783e-02	1.201920e-03	1.426361e+00	3.128348e-01
7.858203e-02	1.228002e-03	1.426371e+00	3.143317e-01
7.895623e-02	1.254537e-03	1.426373e+00	3.158286e-01
7.933043e-02	1.281526e-03	1.426371e+00	3.173256e-01
7.970463e-02	1.308958e-03	1.426371e+00	3.188225e-01
8.007883e-02	1.336842e-03	1.426373e+00	3.203194e-01
8.045303e-02	1.365184e-03	1.426376e+00	3.218164e-01
8.082723e-02	1.393990e-03	1.426379e+00	3.233133e-01
8.120143e-02	1.423265e-03	1.426384e+00	3.248103e-01
8.157563e-02	1.453011e-03	1.426390e+00	3.263073e-01
8.194983e-02	1.483252e-03	1.426391e+00	3.278042e-01
8.232403e-02	1.513985e-03	1.426389e+00	3.293012e-01
8.269823e-02	1.545197e-03	1.426394e+00	3.307982e-01
8.307243e-02	1.576908e-03	1.426399e+00	3.322951e-01
8.344663e-02	1.609135e-03	1.426398e+00	3.337921e-01
8.382083e-02	1.641854e-03	1.426405e+00	3.352891e-01
8.419504e-02	1.675107e-03	1.426404e+00	3.367861e-01
8.456924e-02	1.708872e-03	1.426408e+00	3.382831e-01
8.494344e-02	1.743154e-03	1.426415e+00	3.397801e-01
8.531764e-02	1.777989e-03	1.426414e+00	3.412771e-01
8.569184e-02	1.813358e-03	1.426416e+00	3.427742e-01
8.606604e-02	1.849268e-03	1.426419e+00	3.442712e-01
8.644024e-02	1.885728e-03	1.426423e+00	3.457682e-01
8.681444e-02	1.922746e-03	1.426426e+00	3.472653e-01
8.718864e-02	1.960325e-03	1.426430e+00	3.487623e-01
8.756284e-02	1.998470e-03	1.426435e+00	3.502594e-01
8.793704e-02	2.037193e-03	1.426439e+00	3.517564e-01
8.831124e-02	2.076505e-03	1.426440e+00	3.532535e-01
8.868544e-02	2.116392e-03	1.426445e+00	3.547506e-01
8.905964e-02	2.156884e-03	1.426448e+00	3.562477e-01
8.943384e-02	2.197964e-03	1.426454e+00	3.577448e-01
8.980804e-02	2.239664e-03	1.426455e+00	3.592419e-01
9.018224e-02	2.281971e-03	1.426459e+00	3.607390e-01
9.055644e-02	2.324894e-03	1.426464e+00	3.622361e-01
9.093064e-02	2.368443e-03	1.426468e+00	3.637332e-01
9.130484e-02	2.412627e-03	1.426473e+00	3.652303e-01
9.167904e-02	2.457450e-03	1.426476e+00	3.667275e-01
9.205324e-02	2.502918e-03	1.426480e+00	3.682246e-01
9.242744e-02	2.549034e-03	1.426486e+00	3.697218e-01
9.280164e-02	2.595811e-03	1.426490e+00	3.712190e-01
9.317584e-02	2.643254e-03	1.426495e+00	3.727161e-01
9.355004e-02	2.691368e-03	1.426499e+00	3.742133e-01
9.392424e-02	2.740156e-03	1.426505e+00	3.757105e-01
9.429844e-02	2.789638e-03	1.426509e+00	3.772078e-01
9.467264e-02	2.839810e-03	1.426514e+00	3.787050e-01
9.504684e-02	2.890680e-03	1.426520e+00	3.802022e-01
9.542104e-02	2.942255e-03	1.426525e+00	3.816995e-01
9.579524e-02	2.994543e-03	1.426531e+00	3.831967e-01
9.616944e-02	3.047556e-03	1.426536e+00	3.846940e-01
9.654364e-02	3.101290e-03	1.426542e+00	3.861913e-01
9.691784e-02	3.155765e-03	1.426547e+00	3.876885e-01
9.729204e-02	3.210976e-03	1.426553e+00	3.891859e-01
9.766624e-02	3.266936e-03	1.426560e+00	3.906832e-01
9.804044e-02	3.323653e-03	1.426566e+00	3.921805e-01
9.841464e-02	3.381135e-03	1.426572e+00	3.936778e-01
9.878884e-02	3.439389e-03	1.426578e+00	3.951752e-01
9.916304e-02	3.498420e-03	1.426584e+00	3.966726e-01
9.953724e-02	3.558233e-03	1.426592e+00	3.981700e-01
9.991144e-02	3.618843e-03	1.426598e+00	3.996674e-01
1.002856e-01	3.680251e-03	1.426605e+00	4.011648e-01
1.006598e-01	3.742467e-03	1.426612e+00	4.026622e-01
1.010340e-01	3.805499e-03	1.426619e+00	4.041596e-01
1.014082e-01	3.869354e-03	1.426627e+00	4.056571e-01
1.017824e-01	3.934039e-03	1.426634e+00	4.071546e-01
1.021566e-01	3.999564e-03	1.426642e+00	4.086521e-01
1.025308e-01	4.065933e-03	1.426650e+00	4.101496e-01
1.029050e-01	4.133159e-03	1.426658e+00	4.116471e-01
1.032792e-01	4.201245e-03	1.426666e+00	4.131447e-01
1.036534e-01	4.270201e-03	1.426674e+00	4.146422e-01
1.040276e-01	4.340033e-03	1.426683e+00	4.161398e-01
1.044018e-01	4.410754e-03	1.426691e+00	4.176374e-01
1.047760e-01	4.482366e-03	1.426700e+00	4.191350e-01
1.051502e-01	4.554882e-03	1.426709e+00	4.206326e-01
1.055244e-01	4.628307e-03	1.426718e+00	4.221303e-01
1.058986e-01	4.702650e-03	1.426728e+00	4.236280e-01
1.062728e-01	4.777917e-03	1.426738e+00	4.251257e-01
1.066470e-01	4.854123e-03	1.426747e+00	4.266234e-01
1.070212e-01	4.931268e-03	1.426757e+00	4.281211e-01
1.073954e-01	5.009365e-03	1.426767e+00	4.296189e-01
1.077696e-01	5.088421e-03	1.426778e+00	4.311167e-01
1.081438e-01	5.168447e-03	1.426788e+00	4.326145e-01
1.085180e-01	5.249449e-03	1.426799e+00	4.341123e-01
1.088922e-01	5.331434e-03	1.426810e+00	4.356102e-01
1.092664e-01	5.414413e-03	1.426821e+00	4.371080e-01
1.096406e-01	5.498394e-03	1.426832e+00	4.386059e-01
1.100148e-01	5.584861e-03	1.426676e+00	4.401039e-01
1.103890e-01	5.672818e-03	1.426474e+00	4.416018e-01
1.107632e-01	5.760174e-03	1.426457e+00	4.430998e-01
1.111374e-01	5.846948e-03	1.426616e+00	4.445978e-01
1.115116e-01	5.949322e-03	1.425222e+00	4.460960e-01
1.118858e-01	6.155069e-03	1.413325e+00	4.475954e-01
1.122600e-01	6.357814e-03	1.402488e+00	4.490949e-01
1.126342e-01	6.557734e-03	1.392599e+00	4.505944e-01
1.130084e-01	6.754991e-03	1.383562e+00	4.520939e-01
1.133826e-01	6.949730e-03	1.375297e+00	4.535934e-01
1.137568e-01	7.142083e-03	1.367732e+00	4.550930e-01
1.141310e-01	7.332170e-03	1.360805e+00	4.565925e-01
1.145052e-01	7.520100e-03	1.354461e+00	4.580921e-01
1.148794e-01	7.705976e-03	1.348651e+00	4.595917e-01
1.152536e-01	7.889889e-03	1.343334e+00	4.610913e-01
1.156278e-01	8.071925e-03	1.338472e+00	4.625910e-01
1.160020e-01	8.252163e-03	1.334029e+00	4.640906e-01
1.163762e-01	8.430678e-03	1.329977e+00	4.655903e-01
1.167504e-01	8.607537e-03	1.326287e+00	4.670899e-01
1.171246e-01	8.782804e-03	1.322935e+00	4.685896e-01
1.174988e-01	8.956539e-03	1.319899e+00	4.700893e-01
1.178730e-01	9.128798e-03	1.317157e+00	4.715891e-01
1.182472e-01	9.299633e-03	1.314693e+00	4.730888e-01
1.186214e-01	9.469093e-03	1.312488e+00	4.745886e-01
1.189956e-01	9.637224e-03	1.310528e+00	4.760883e-01
1.193698e-01	9.804069e-03	1.308798e+00	4.775881e-01
1.197440e-01	9.969671e-03	1.307286e+00	4.790879e-01
1.201182e-01	1.013407e-02	1.305979e+00	4.805878e-01
1.204925e-01	1.029730e-02	1.304866e+00	4.820876e-01
1.208667e-01	1.045939e-02	1.303937e+00	4.835875e-01
1.212409e-01	1.062038e-02	1.303184e+00	4.850874e-01
1.216151e-01	1.078031e-02	1.302596e+00	4.865872e-01
1.219893e-01	1.093919e-02	1.302167e+00	4.880872e-01
1.223635e-01	1.109706e-02	1.301888e+00	4.895871e-01
1.227377e-01	1.125395e-02	1.301752e+00	4.910870e-01
1.231119e-01	1.140988e-02	1.301753e+00	4.925870e-01
1.234861e-01	1.156488e-02	1.301885e+00	4.940870e-01
1.238603e-01	1.171897e-02	1.302142e+00	4.955870e-01
1.242345e-01	1.187217e-02	1.302518e+00	4.970870e-01
1.246087e-01	1.202450e-02	1.303009e+00	4.985870e-01
1.249829e-01	1.217599e-02	1.303610e+00	5.000870e-01
1.253571e-01	1.232666e-02	1.304316e+00	5.015871e-01
1.257313e-01	1.247652e-02	1.305124e+00	5.030872e-01
1.261055e-01	1.262558e-02	1.306029e+00	5.045873e-01
1.264797e-01	1.277388e-02	1.307028e+00	5.060874e-01
1.268539e-01	1.292143e-02	1.308116e+00	5.075875e-01
1.272281e-01	1.306823e-02	1.309292e+00	5.090876e-01
1.276023e-01	1.321432e-02	1.310551e+00	5.105878e-01
1.279765e-01	1.335970e-02	1.311891e+00	5.120880e-01
1.283507e-01	1.350438e-02	1.313309e+00	5.135882e-01
1.287249e-01	1.364839e-02	1.314803e+00	5.150884e-01
1.290991e-01	1.379174e-02	1.316369e+00	5.165886e-01
1.294733e-01	1.393443e-02	1.318005e+00	5.180889e-01
1.298475e-01	1.407648e-02	1.319710e+00	5.195891e-01
1.302217e-01	1.421790e-02	1.321481e+00	5.210894e-01
1.305959e-01	1.435871e-02	1.323315e+00	5.225897e-01
1.309701e-01	1.449892e-02	1.325212e+00	5.240900e-01
1.313443e-01	1.463853e-02	1.327168e+00	5.255903e-01
1.317185e-01	1.477756e-02	1.329183e+00	5.270907e-01
1.320927e-01	1.491602e-02	1.331255e+00	5.285910e-01
1.324669e-01	1.505392e-02	1.333381e+00	5.300914e-01
1.328411e-01	1.519126e-02	1.335561e+00	5.315918e-01
1.332153e-01	1.532806e-02	1.337793e+00	5.330922e-01
1.335895e-01	1.546433e-02	1.340076e+00	5.345926e-01
1.339637e-01	1.560007e-02	1.342408e+00	5.360931e-01
1.343379e-01	1.573530e-02	1.344787e+00	5.375935e-01
1.347121e-01	1.587002e-02	1.347214e+00	5.390940e-01
1.350863e-01	1.600424e-02	1.349686e+00	5.405945e-01
1.354605e-01	1.613797e-02	1.352202e+00	5.420950e-01
1.358347e-01	1.627122e-02	1.354762e+00	5.435956e-01
1.362089e-01	1.640398e-02	1.357363e+00	5.450961e-01
1.365831e-01	1.653628e-02	1.360006e+00	5.465967e-01
1.369573e-01	1.666812e-02	1.362689e+00	5.480972e-01
1.373315e-01	1.679950e-02	1.365412e+00	5.495978e-01
1.377057e-01	1.693044e-02	1.368173e+00	5.510984e-01
1.380799e-01	1.706093e-02	1.370971e+00	5.525991e-01
1.384541e-01	1.719099e-02	1.373807e+00	5.540997e-01
1.388283e-01	1.732061e-02	1.376678e+00	5.556004e-01
1.392025e-01	1.744982e-02	1.379584e+00	5.571010e-01
1.395767e-01	1.757860e-02	1.382525e+00	5.586017e-01
1.399509e-01	1.770698e-02	1.385500e+00	5.601025e-01
1.403251e-01	1.783495e-02	1.388507e+00	5.616032e-01
1.406993e-01	1.796252e-02	1.391547e+00	5.631039e-01
1.410735e-01	1.808969e-02	1.394619e+00	5.646047e-01
1.414477e-01	1.821648e-02	1.397721e+00	5.661055e-01
1.418219e-01	1.834288e-02	1.400854e+00	5.676063e-01
1.421961e-01	1.846890e-02	1.404018e+00	5.691071e-01
1.425703e-01	1.859454e-02	1.407210e+00	5.706079e-01
1.429445e-01	1.871982e-02	1.410431e+00	5.721087e-01
1.433187e-01	1.884473e-02	1.413681e+00	5.736096e-01
1.436929e-01	1.896928e-02	1.416958e+00	5.751105e-01
1.440671e-01	1.909348e-02	1.420263e+00	5.766114e-01
1.444413e-01	1.921732e-02	1.423595e+00	5.781123e-01
1.448155e-01	1.934082e-02	1.426953e+00	5.796132e-01
1.451897e-01	1.950622e-02	1.428973e+00	5.811153e-01
1.455639e-01	1.980044e-02	1.426920e+00	5.826208e-01
1.459381e-01	2.009276e-02	1.425052e+00	5.841263e-01
1.463123e-01	2.038324e-02	1.423357e+00	5.856319e-01
1.466865e-01	2.067193e-02	1.421830e+00	5.871376e-01
1.470607e-01	2.095887e-02	1.420461e+00	5.886432e-01
1.474349e-01	2.124411e-02	1.419244e+00	5.901489e-01
1.478091e-01	2.152769e-02	1.418172e+00	5.916547e-01
1.481833e-01	2.180966e-02	1.417239e+00	5.931605e-01
1.485575e-01	2.209005e-02	1.416438e+00	5.946663e-01
1.489317e-01	2.236890e-02	1.415765e+00	5.961722e-01
1.493059e-01	2.264625e-02	1.415213e+00	5.976781e-01
1.496801e-01	2.292213e-02	1.414779e+00	5.991841e-01
1.500543e-01	2.319658e-02	1.414456e+00	6.006901e-01
1.504285e-01	2.346962e-02	1.414242e+00	6.021961e-01
1.508027e-01	2.374129e-02	1.414132e+00	6.037022e-01
1.511769e-01	2.401163e-02	1.414122e+00	6.052083e-01
1.515511e-01	2.428064e-02	1.414208e+00	6.067144e-01
1.519253e-01	2.454838e-02	1.414387e+00	6.082206e-01
1.522995e-01	2.481485e-02	1.414655e+00	6.097269e-01
1.526737e-01	2.508009e-02	1.415010e+00	6.112331e-01
1.530479e-01	2.534413e-02	1.415448e+00	6.127395e-01
1.534221e-01	2.560697e-02	1.415967e+00	6.142458e-01
1.537963e-01	2.586866e-02	1.416564e+00	6.157522e-01
1.541705e-01	2.612921e-02	1.417236e+00	6.172586e-01
1.545447e-01	2.638864e-02	1.417982e+00	6.187651e-01
1.549189e-01	2.664697e-02	1.418797e+00	6.202716e-01
1.552931e-01	2.690423e-02	1.419682e+00	6.217782e-01
1.556673e-01	2.716042e-02	1.420633e+00	6.232848e-01
1.560415e-01	2.741559e-02	1.421648e+00	6.247914e-01
1.564157e-01	2.766973e-02	1.422725e+00	6.262981e-01
1.567899e-01	2.792286e-02	1.423863e+00	6.278048e-01
1.571641e-01	2.817502e-02	1.425060e+00	6.293116e-01
1.575383e-01	2.842620e-02	1.426315e+00	6.308183e-01
1.579125e-01	2.867644e-02	1.427624e+00	6.323252e-01
1.582867e-01	2.892573e-02	1.428988e+00	6.338321e-01
1.586609e-01	2.917411e-02	1.430405e+00	6.353390e-01
1.590351e-01	2.942158e-02	1.431872e+00	6.368459e-01
1.594093e-01	2.976915e-02	1.431267e+00	6.383564e-01
1.597835e-01	3.013550e-02	1.430344e+00	6.398677e-01
1.601577e-01	3.049996e-02	1.429540e+00	6.413790e-01
1.605319e-01	3.086255e-02	1.428849e+00	6.428904e-01
1.609061e-01	3.122333e-02	1.428268e+00	6.444019e-01
1.612803e-01	3.158233e-02	1.427793e+00	6.459134e-01
1.616545e-01	3.193959e-02	1.427418e+00	6.474250e-01
1.620287e-01	3.229514e-02	1.427141e+00	6.489366e-01
1.624029e-01	3.264903e-02	1.426958e+00	6.504483e-01
1.627771e-01	3.300129e-02	1.426866e+00	6.519601e-01
1.631513e-01	3.335195e-02	1.426862e+00	6.534719e-01
1.635255e-01	3.370105e-02	1.426942e+00	6.549837e-01
1.638997e-01	3.404860e-02	1.427104e+00	6.564957e-01
1.642739e-01	3.439465e-02	1.427344e+00	6.580077e-01
1.646481e-01	3.473923e-02	1.427662e+00	6.595197e-01
1.650223e-01	3.508235e-02	1.428053e+00	6.610318e-01
1.653965e-01	3.542405e-02	1.428516e+00	6.625440e-01
1.657707e-01	3.576436e-02	1.429048e+00	6.640562e-01
1.661449e-01	3.610329e-02	1.429648e+00	6.655685e-01
1.665191e-01	3.644088e-02	1.430313e+00	6.670809e-01
1.668933e-01	3.677715e-02	1.431041e+00	6.685933e-01
1.672675e-01	3.711212e-02	1.431830e+00	6.701058e-01
1.676417e-01	3.744580e-02	1.432680e+00	6.716183e-01
1.680159e-01	3.777824e-02	1.433587e+00	6.731309e-01
1.683901e-01	3.810944e-02	1.434551e+00	6.746435e-01
1.687643e-01	3.852033e-02	1.434264e+00	6.761596e-01
1.691385e-01	3.895007e-02	1.433737e+00	6.776765e-01
1.695127e-01	3.937781e-02	1.433306e+00	6.791936e-01
1.698869e-01	3.980359e-02	1.432968e+00	6.807107e-01
1.702611e-01	4.022747e-02	1.432719e+00	6.822279e-01
1.706353e-01	4.064947e-02	1.432556e+00	6.837451e-01
1.710095e-01	4.106963e-02	1.432476e+00	6.852625e-01
1.713837e-01	4.148799e-02	1.432477e+00	6.867799e-01
1.717579e-01	4.190458e-02	1.432556e+00	6.882974e-01
1.721321e-01	4.231944e-02	1.432711e+00	6.898150e-01
1.725063e-01	4.273260e-02	1.432938e+00	6.913327e-01
1.728805e-01	4.314410e-02	1.433236e+00	6.928504e-01
1.732547e-01	4.355395e-02	1.433603e+00	6.943682e-01
1.736289e-01	4.396219e-02	1.434036e+00	6.958861e-01
1.740031e-01	4.436886e-02	1.434534e+00	6.974041e-01
1.743773e-01	4.477397e-02	1.435094e+00	6.989222e-01
1.747515e-01	4.517756e-02	1.435715e+00	7.004403e-01
1.751257e-01	4.557964e-02	1.436395e+00	7.019585e-01
1.754999e-01	4.598026e-02	1.437133e+00	7.034768e-01
1.758741e-01	4.643949e-02	1.437128e+00	7.049980e-01
1.762483e-01	4.692644e-02	1.436810e+00	7.065206e-01
1.766225e-01	4.741130e-02	1.436576e+00	7.080433e-01
1.769967e-01	4.789412e-02	1.436423e+00	7.095661e-01
1.773709e-01	4.837491e-02	1.436349e+00	7.110890e-01
1.777451e-01	4.885374e-02	1.436351e+00	7.126120e-01
1.781193e-01	4.933063e-02	1.436426e+00	7.141351e-01
1.784935e-01	4.980562e-02	1.436573e+00	7.156583e-01
1.788677e-01	5.027874e-02	1.436789e+00	7.171816e-01
1.792419e-01	5.075004e-02	1.437072e+00	7.187050e-01
1.796161e-01	5.121953e-02	1.437420e+00	7.202284e-01
1.799903e-01	5.168726e-02	1.437831e+00	7.217520e-01
1.803645e-01	5.215325e-02	1.438304e+00	7.232757e-01
1.807387e-01	5.261753e-02	1.438836e+00	7.247995e-01
1.811129e-01	5.308014e-02	1.439426e+00	7.263233e-01
1.814871e-01	5.354608e-02	1.440015e+00	7.278475e-01
1.818613e-01	5.408686e-02	1.439794e+00	7.293757e-01
1.822355e-01	5.462544e-02	1.439651e+00	7.309041e-01
1.826097e-01	5.516185e-02	1.439583e+00	7.324325e-01
1.829839e-01	5.569614e-02	1.439587e+00	7.339610e-01
1.833581e-01	5.622834e-02	1.439662e+00	7.354897e-01
1.837323e-01	5.675850e-02	1.439806e+00	7.370185e-01
1.841065e-01	5.728666e-02	1.440016e+00	7.385473e-01
1.844807e-01	5.781284e-02	1.440290e+00	7.400763e-01
1.848549e-01	5.833708e-02	1.440627e+00	7.416054e-01
1.852291e-01	5.885942e-02	1.441024e+00	7.431347e-01
1.856033e-01	5.937988e-02	1.441481e+00	7.446640e-01
1.859775e-01	5.989851e-02	1.441995e+00	7.461935e-01
1.863517e-01	6.041533e-02	1.442564e+00	7.477230e-01
1.867259e-01	6.099134e-02	1.442580e+00	7.492560e-01
1.871001e-01	6.157957e-02	1.442522e+00	7.507900e-01
1.874743e-01	6.216554e-02	1.442534e+00	7.523241e-01
1.878485e-01	6.274931e-02	1.442614e+00	7.538583e-01
1.882227e-01	6.333090e-02	1.442761e+00	7.553926e-01
1.885969e-01	6.391036e-02	1.442971e+00	7.569271e-01
1.889711e-01	6.448772e-02	1.443244e+00	7.584617e-01
1.893453e-01	6.506302e-02	1.443577e+00	7.599964e-01
1.897195e-01	6.563631e-02	1.443968e+00	7.615312e-01
1.900937e-01	6.620760e-02	1.444418e+00	7.630662e-01
1.904679e-01	6.677694e-02	1.444922e+00	7.646013e-01
1.908421e-01	6.736214e-02	1.445321e+00	7.661376e-01
1.912163e-01	6.799815e-02	1.445308e+00	7.676771e-01
1.915905e-01	6.863180e-02	1.445361e+00	7.692168e-01
1.919647e-01	6.926315e-02	1.445480e+00	7.707566e-01
1.923389e-01	6.989224e-02	1.445662e+00	7.722965e-01
1.927131e-01	7.051910e-02	1.445905e+00	7.738366e-01
1.930873e-01	7.114377e-02	1.446208e+00	7.753769e-01
1.934615e-01	7.176630e-02	1.446570e+00	7.769173e-01
1.938357e-01	7.238671e-02	1.446987e+00	7.784578e-01
1.942099e-01	7.300505e-02	1.447460e+00	7.799985e-01
1.945841e-01	7.362134e-02	1.447986e+00	7.815393e-01
1.949583e-01	7.430093e-02	1.448036e+00	7.830844e-01
1.953325e-01	7.497955e-02	1.448139e+00	7.846296e-01
1.957067e-01	7.565578e-02	1.448305e+00	7.861751e-01
1.960809e-01	7.632968e-02	1.448531e+00	7.877207e-01
1.964551e-01	7.700127e-02	1.448815e+00	7.892664e-01
1.968293e-01	7.767061e-02	1.449158e+00	7.908123e-01
1.972035e-01	7.833772e-02	1.449556e+00	7.923584e-01
1.975777e-01	7.900265e-02	1.450008e+00	7.939047e-01
1.979519e-01	7.966543e-02	1.450513e+00	7.954511e-01
1.983261e-01	8.037150e-02	1.450733e+00	7.970006e-01
1.987003e-01	8.109334e-02	1.450878e+00	7.985515e-01
1.990745e-01	8.181272e-02	1.451083e+00	8.001025e-01
1.994487e-01	8.252969e-02	1.451347e+00	8.016538e-01
1.998229e-01	8.324430e-02	1.451667e+00	8.032052e-01
2.001971e-01	8.395658e-02	1.452043e+00	8.047568e-01
2.005713e-01	8.466657e-02	1.452473e+00	8.063085e-01
2.009455e-01	8.537431e-02	1.452956e+00	8.078605e-01
2.013197e-01	8.609595e-02	1.453378e+00	8.094137e-01
2.016939e-01	8.686002e-02	1.453549e+00	8.109701e-01
2.020681e-01	8.762157e-02	1.453778e+00	8.125268e-01
2.024423e-01	8.838064e-02	1.454065e+00	8.140836e-01
2.028165e-01	8.913728e-02	1.454406e+00	8.156406e-01
2.031907e-01	8.989151e-02	1.454802e+00	8.171978e-01
2.035649e-01	9.064340e-02	1.455251e+00	8.187552e-01
2.039391e-01	9.139297e-02	1.455751e+00	8.203128e-01
2.043133e-01	9.216881e-02	1.456118e+00	8.218726e-01
2.046875e-01	9.297216e-02	1.456350e+00	8.234348e-01
2.050617e-01	9.377296e-02	1.456638e+00	8.249971e-01
2.054359e-01	9.457124e-02	1.456981e+00	8.265596e-01
2.058101e-01	9.536704e-02	1.457377e+00	8.281224e-01
2.061843e-01	9.616041e-02	1.457826e+00	8.296853e-01
2.065585e-01	9.695140e-02	1.458325e+00	8.312485e-01
2.069327e-01	9.775569e-02	1.458780e+00	8.328130e-01
2.073069e-01	9.859835e-02	1.459044e+00	8.343807e-01
2.076811e-01	9.943841e-02	1.459363e+00	8.359487e-01
2.080553e-01	1.002759e-01	1.459735e+00	8.375168e-01
2.084295e-01	1.011109e-01	1.460160e+00	8.390852e-01
2.088037e-01	1.019433e-01	1.460636e+00	8.406538e-01
2.091779e-01	1.027734e-01	1.461161e+00	8.422227e-01
2.095521e-01	1.036311e-01	1.461566e+00	8.437940e-01
2.099263e-01	1.045109e-01	1.461887e+00	8.453674e-01
2.103005e-01	1.053880e-01	1.462260e+00	8.469411e-01
2.106747e-01	1.062625e-01	1.462686e+00	8.485150e-01
2.110489e-01	1.071345e-01	1.463161e+00	8.500891e-01
2.114231e-01	1.080039e-01	1.463686e+00	8.516635e-01
2.117973e-01	1.088837e-01	1.464192e+00	8.532391e-01
2.121715e-01	1.098013e-01	1.464535e+00	8.548180e-01
2.125457e-01	1.107161e-01	1.464930e+00	8.563973e-01
2.129199e-01	1.116284e-01	1.465376e+00	8.579768e-01
2.132941e-01	1.125380e-01	1.465872e+00	8.595565e-01
2.136683e-01	1.134451e-01	1.466417e+00	8.611365e-01
2.140425e-01	1.143650e-01	1.466932e+00	8.627180e-01
2.144167e-01	1.153186e-01	1.467315e+00	8.643026e-01
2.147909e-01	1.162695e-01	1.467750e+00	8.658875e-01
2.151651e-01	1.172178e-01	1.468234e+00	8.674727e-01
2.155393e-01	1.181635e-01	1.468767e+00	8.690581e-01
2.159135e-01	1.191066e-01	1.469347e+00	8.706438e-01
2.162877e-01	1.200810e-01	1.469813e+00	8.722325e-01
2.166619e-01	1.210692e-01	1.470252e+00	8.738229e-01
2.170361e-01	1.220546e-01	1.470740e+00	8.754136e-01
2.174103e-01	1.230374e-01	1.471276e+00	8.770045e-01
2.177845e-01	1.240176e-01	1.471859e+00	8.785957e-01
2.181587e-01	1.250117e-01	1.472414e+00	8.801886e-01
2.185329e-01	1.260358e-01	1.472871e+00	8.817845e-01
2.189071e-01	1.270572e-01	1.473376e+00	8.833807e-01
2.192813e-01	1.280758e-01	1.473929e+00	8.849772e-01
2.196555e-01	1.290918e-01	1.474529e+00	8.865740e-01
2.200297e-01	1.301175e-01	1.475121e+00	8.881722e-01
2.204039e-01	1.311763e-01	1.475607e+00	8.897737e-01
2.207781e-01	1.322323e-01	1.476141e+00	8.913755e-01
2.211523e-01	1.332856e-01	1.476723e+00	8.929777e-01
2.215265e-01	1.343362e-01	1.477350e+00	8.945801e-01
2.219007e-01	1.354033e-01	1.477944e+00	8.961846e-01
2.222749e-01	1.364956e-01	1.478470e+00	8.977918e-01
2.226491e-01	1.375852e-01	1.479044e+00	8.993993e-01
2.230233e-01	1.386721e-01	1.479663e+00	9.010072e-01
2.233975e-01	1.397562e-01	1.480328e+00	9.026154e-01
2.237717e-01	1.408730e-01	1.480899e+00	9.042270e-01
2.241459e-01	1.419980e-01	1.481474e+00	9.058400e-01
2.245201e-01	1.431201e-01	1.482096e+00	9.074533e-01
2.248943e-01	1.442395e-01	1.482762e+00	9.090669e-01
2.252685e-01	1.453705e-01	1.483420e+00	9.106822e-01
2.256427e-01	1.465298e-01	1.484005e+00	9.123006e-01
2.260169e-01	1.476864e-01	1.484637e+00	9.139194e-01
2.263911e-01	1.488402e-01	1.485314e+00	9.155386e-01
2.267653e-01	1.499929e-01	1.486028e+00	9.171582e-01
2.271395e-01	1.511858e-01	1.486632e+00	9.187822e-01
2.275137e-01	1.523760e-01	1.487282e+00	9.204066e-01
2.278879e-01	1.535633e-01	1.487976e+00	9.220313e-01
2.282621e-01	1.547480e-01	1.488715e+00	9.236563e-01
2.286363e-01	1.559702e-01	1.489356e+00	9.252856e-01
2.290105e-01	1.571932e-01	1.490031e+00	9.269155e-01
2.293847e-01	1.584134e-01	1.490750e+00	9.285458e-01
2.297589e-01	1.596308e-01	1.491512e+00	9.301765e-01
2.301331e-01	1.608866e-01	1.492181e+00	9.318115e-01
2.305073e-01	1.621417e-01	1.492887e+00	9.334471e-01
2.308815e-01	1.633940e-01	1.493637e+00	9.350831e-01
2.312557e-01	1.646485e-01	1.494414e+00	9.367200e-01
2.316299e-01	1.659379e-01	1.495113e+00	9.383609e-01
2.320041e-01	1.672245e-01	1.495856e+00	9.400022e-01
2.323783e-01	1.685083e-01	1.496642e+00	9.416439e-01
2.327525e-01	1.698066e-01	1.497417e+00	9.432877e-01
2.331267e-01	1.711268e-01	1.498158e+00	9.449343e-01
2.335009e-01	1.724443e-01	1.498943e+00	9.465814e-01
2.338751e-01	1.737590e-01	1.499771e+00	9.482289e-01
2.342493e-01	1.751049e-01	1.500539e+00	9.498801e-01
2.346235e-01	1.764555e-01	1.501327e+00	9.515326e-01
2.349977e-01	1.778033e-01	1.502159e+00	9.531855e-01
2.353719e-01	1.791624e-01	1.502991e+00	9.548402e-01
2.357461e-01	1.805456e-01	1.503788e+00	9.564981e-01
2.361203e-01	1.819260e-01	1.504628e+00	9.581564e-01
2.364945e-01	1.833037e-01	1.505510e+00	9.598152e-01
2.368687e-01	1.847176e-01	1.506324e+00	9.614784e-01
2.372429e-01	1.861302e-01	1.507177e+00	9.631422e-01
2.376171e-01	1.875400e-01	1.508071e+00	9.648064e-01
2.379913e-01	1.889744e-01	1.508933e+00	9.664739e-01
2.383655e-01	1.904187e-01	1.509802e+00	9.681432e-01
2.387397e-01	1.918603e-01	1.510714e+00	9.698130e-01
2.391139e-01	1.933186e-01	1.511614e+00	9.714853e-01
2.394881e-01	1.947942e-01	1.512505e+00	9.731601e-01
2.398623e-01	1.962670e-01	1.513436e+00	9.748354e-01
2.402365e-01	1.977524e-01	1.514370e+00	9.765128e-01
2.406107e-01	1.992589e-01	1.515285e+00	9.781932e-01
2.409849e-01	2.007627e-01	1.516240e+00	9.798741e-01
2.413591e-01	2.022780e-01	1.517202e+00	9.815571e-01
2.417333e-01	2.038151e-01	1.518144e+00	9.832431e-01
2.421075e-01	2.053495e-01	1.519127e+00	9.849296e-01
2.424817e-01	2.068972e-01	1.520112e+00	9.866184e-01
2.428559e-01	2.084645e-01	1.521084e+00	9.883101e-01
2.432301e-01	2.100292e-01	1.522097e+00	9.900023e-01
2.436043e-01	2.116117e-01	1.523103e+00	9.916972e-01
2.439785e-01	2.132091e-01	1.524109e+00	9.933946e-01
2.443527e-01	2.148038e-01	1.525155e+00	9.950925e-01
2.447269e-01	2.164233e-01	1.526179e+00	9.967939e-01
2.451011e-01	2.180504e-01	1.527221e+00	9.984970e-01
2.454753e-01	2.196748e-01	1.528303e+00	1.000201e+00
2.458495e-01	2.213335e-01	1.529344e+00	1.001909e+00
2.462237e-01	2.229900e-01	1.530424e+00	1.003618e+00
2.465979e-01	2.246552e-01	1.531520e+00	1.005328e+00
2.469721e-01	2.263435e-01	1.532601e+00	1.007043e+00
2.473463e-01	2.280293e-01	1.533721e+00	1.008757e+00
2.477205e-01	2.297376e-01	1.534830e+00	1.010475e+00
2.480947e-01	2.314549e-01	1.535954e+00	1.012195e+00
2.484689e-01	2.331740e-01	1.537109e+00	1.013916e+00
2.488431e-01	2.349227e-01	1.538239e+00	1.015641e+00
2.492173e-01	2.366689e-01	1.539408e+00	1.017367e+00
2.495915e-01	2.384343e-01	1.540574e+00	1.019096e+00
2.499657e-01	2.402117e-01	1.541751e+00	1.020827e+00
2.503399e-01	2.419916e-01	1.542958e+00	1.022560e+00
2.507141e-01	2.438000e-01	1.544145e+00	1.024296e+00
2.510883e-01	2.456059e-01	1.545371e+00	1.026033e+00
2.514625e-01	2.474352e-01	1.546588e+00	1.027774e+00
2.518367e-01	2.492720e-01	1.547826e+00	1.029516e+00
2.522109e-01	2.511189e-01	1.549080e+00	1.031261e+00
2.525851e-01	2.529863e-01	1.550332e+00	1.033009e+00
2.529593e-01	2.548526e-01	1.551620e+00	1.034757e+00
2.533335e-01	2.567505e-01	1.552888e+00	1.036511e+00
2.537077e-01	2.586461e-01	1.554193e+00	1.038264e+00
2.540819e-01	2.605657e-01	1.555493e+00	1.040022e+00
2.544561e-01	2.624917e-01	1.556816e+00	1.041781e+00
2.548303e-01	2.644333e-01	1.558148e+00	1.043544e+00
2.552045e-01	2.663896e-01	1.559490e+00	1.045308e+00
2.555787e-01	2.683545e-01	1.560853e+00	1.047075e+00
2.559529e-01	2.703409e-01	1.562216e+00	1.048845e+00
2.563271e-01	2.723304e-01	1.563608e+00	1.050617e+00
2.567013e-01	2.743469e-01	1.564993e+00	1.052393e+00
2.570755e-01	2.763622e-01	1.566414e+00	1.054169e+00
2.574497e-01	2.784087e-01	1.567823e+00	1.055950e+00
2.578239e-01	2.804532e-01	1.569269e+00	1.057732e+00
2.581981e-01	2.825273e-01	1.570705e+00	1.059519e+00
2.585723e-01	2.846018e-01	1.572176e+00	1.061306e+00
2.589465e-01	2.867039e-01	1.573641e+00	1.063098e+00
2.593207e-01	2.888082e-01	1.575138e+00	1.064891e+00
2.596949e-01	2.909394e-01	1.576632e+00	1.066689e+00
2.600691e-01	2.930736e-01	1.578156e+00	1.068487e+00
2.604433e-01	2.952348e-01	1.579678e+00	1.070290e+00
2.608175e-01	2.973988e-01	1.581231e+00	1.072095e+00
2.611917e-01	2.995910e-01	1.582781e+00	1.073903e+00
2.615659e-01	3.017848e-01	1.584364e+00	1.075713e+00
2.619401e-01	3.040091e-01	1.585942e+00	1.077528e+00
2.623143e-01	3.062350e-01	1.587553e+00	1.079344e+00
2.626885e-01	3.084898e-01	1.589162e+00	1.081164e+00
2.630627e-01	3.107495e-01	1.590800e+00	1.082986e+00
2.634369e-01	3.130340e-01	1.592442e+00	1.084813e+00
2.638111e-01	3.153285e-01	1.594107e+00	1.086641e+00
2.641853e-01	3.176427e-01	1.595784e+00	1.088473e+00
2.645595e-01	3.199728e-01	1.597477e+00	1.090308e+00
2.649337e-01	3.223168e-01	1.599189e+00	1.092145e+00
2.653079e-01	3.246832e-01	1.600910e+00	1.093987e+00
2.656821e-01	3.270569e-01	1.602658e+00	1.095830e+00
2.660563e-01	3.294605e-01	1.604408e+00	1.097678e+00
2.664305e-01	3.318709e-01	1.606185e+00	1.099528e+00
2.668047e-01	3.343055e-01	1.607972e+00	1.101382e+00
2.671789e-01	3.367547e-01	1.609778e+00	1.103239e+00
2.675531e-01	3.392192e-01	1.611604e+00	1.105099e+00
2.679273e-01	3.417078e-01	1.613440e+00	1.106963e+00
2.683015e-01	3.442056e-01	1.615303e+00	1.108829e+00
2.686757e-01	3.467310e-01	1.617172e+00	1.110700e+00
2.690499e-01	3.492696e-01	1.619064e+00	1.112574e+00
2.694241e-01	3.518251e-01	1.620976e+00	1.114450e+00
2.697983e-01	3.544053e-01	1.622899e+00	1.116331e+00
2.701725e-01	3.569969e-01	1.624847e+00	1.118214e+00
2.705467e-01	3.596134e-01	1.626808e+00	1.120102e+00
2.709209e-01	3.622479e-01	1.628787e+00	1.121993e+00
2.712951e-01	3.648950e-01	1.630792e+00	1.123886e+00
2.716693e-01	3.675728e-01	1.632805e+00	1.125785e+00
2.720435e-01	3.702640e-01	1.634842e+00	1.127686e+00
2.724177e-01	3.729724e-01	1.636900e+00	1.129590e+00
2.727919e-01	3.757085e-01	1.638971e+00	1.131499e+00
2.731661e-01	3.784591e-01	1.641065e+00	1.133411e+00
2.735403e-01	3.812291e-01	1.643180e+00	1.135327e+00
2.739145e-01	3.840258e-01	1.645310e+00	1.137247e+00
2.742887e-01	3.868382e-01	1.647464e+00	1.139170e+00
2.746629e-01	3.896702e-01	1.649638e+00	1.141097e+00
2.750371e-01	3.925299e-01	1.651828e+00	1.143028e+00
2.754113e-01	3.954064e-01	1.654042e+00	1.144962e+00
2.757855e-01	3.983007e-01	1.656279e+00	1.146900e+00
2.761597e-01	4.012256e-01	1.658530e+00	1.148843e+00
2.765339e-01	4.041685e-01	1.660805e+00	1.150789e+00
2.769081e-01	4.071299e-01	1.663104e+00	1.152739e+00
2.772823e-01	4.101181e-01	1.665420e+00	1.154693e+00
2.776565e-01	4.131296e-01	1.667759e+00	1.156651e+00
2.780307e-01	4.161606e-01	1.670121e+00	1.158613e+00
2.784049e-01	4.192123e-01	1.672507e+00	1.160578e+00
2.787791e-01	4.222946e-01	1.674909e+00	1.162549e+00
2.791533e-01	4.253974e-01	1.677337e+00	1.164523e+00
2.795275e-01	4.285212e-01	1.679789e+00	1.166501e+00
2.799017e-01	4.316683e-01	1.682264e+00	1.168483e+00
2.802759e-01	4.348450e-01	1.684758e+00	1.170469e+00
2.806501e-01	4.380438e-01	1.687277e+00	1.172460e+00
2.810243e-01	4.412649e-01	1.689822e+00	1.174455e+00
2.813985e-01	4.445088e-01	1.692391e+00	1.176453e+00
2.817727e-01	4.477843e-01	1.694980e+00	1.178457e+00
2.821469e-01	4.510833e-01	1.697595e+00	1.180465e+00
2.825211e-01	4.544062e-01	1.700235e+00	1.182477e+00
2.828953e-01	4.577533e-01	1.702901e+00	1.184493e+00
2.832695e-01	4.611268e-01	1.705591e+00	1.186513e+00
2.836437e-01	4.645307e-01	1.708305e+00	1.188539e+00
2.840179e-01	4.679598e-01	1.711044e+00	1.190568e+00
2.843921e-01	4.714143e-01	1.713811e+00	1.192602e+00
2.847663e-01	4.748949e-01	1.716603e+00	1.194641e+00
2.851405e-01	4.784018e-01	1.719423e+00	1.196683e+00
2.855147e-01	4.819400e-01	1.722267e+00	1.198731e+00
2.858889e-01	4.855064e-01	1.725137e+00	1.200784e+00
2.862631e-01	4.891001e-01	1.728035e+00	1.202840e+00
2.866373e-01	4.927215e-01	1.730961e+00	1.204902e+00
2.870115e-01	4.963709e-01	1.733915e+00	1.206968e+00
2.873857e-01	5.000488e-01	1.736897e+00	1.209039e+00
2.877599e-01	5.037555e-01	1.739907e+00	1.211114e+00
2.881341e-01	5.074957e-01	1.742944e+00	1.213195e+00
2.885083e-01	5.112652e-01	1.746010e+00	1.215280e+00
2.888825e-01	5.150645e-01	1.749105e+00	1.217370e+00
2.892567e-01	5.188939e-01	1.752229e+00	1.219465e+00
2.896309e-01	5.227539e-01	1.755383e+00	1.221565e+00
2.900051e-01	5.266448e-01	1.758567e+00	1.223669e+00
2.903793e-01	5.305670e-01	1.761782e+00	1.225779e+00
2.907535e-01	5.345210e-01	1.765027e+00	1.227893e+00
2.911277e-01	5.385070e-01	1.768303e+00	1.230013e+00
2.915019e-01	5.425254e-01	1.771609e+00	1.232138e+00
2.918761e-01	5.465777e-01	1.774947e+00	1.234267e+00
2.922503e-01	5.506639e-01	1.778317e+00	1.236402e+00
2.926245e-01	5.547836e-01	1.781718e+00	1.238542e+00
2.929987e-01	5.589371e-01	1.785152e+00	1.240688e+00
2.933729e-01	5.631247e-01	1.788619e+00	1.242838e+00
2.937471e-01	5.673469e-01	1.792119e+00	1.244994e+00
2.941213e-01	5.716041e-01	1.795652e+00	1.247155e+00
2.944955e-01	5.758966e-01	1.799220e+00	1.249321e+00
2.948697e-01	5.802248e-01	1.802821e+00	1.251492e+00
2.952439e-01	5.845892e-01	1.806456e+00	1.253669e+00
2.956181e-01	5.889901e-01	1.810127e+00	1.255852e+00
2.959923e-01	5.934279e-01	1.813833e+00	1.258039e+00
2.963665e-01	5.979030e-01	1.817574e+00	1.260233e+00
2.967407e-01	6.024159e-01	1.821351e+00	1.262431e+00
2.971149e-01	6.069668e-01	1.825164e+00	1.264635e+00
2.974891e-01	6.115563e-01	1.829014e+00	1.266845e+00
2.978633e-01	6.161847e-01	1.832901e+00	1.269060e+00
2.982375e-01	6.208525e-01	1.836826e+00	1.271281e+00
2.986117e-01	6.255599e-01	1.840788e+00	1.273508e+00
2.989859e-01	6.303080e-01	1.844789e+00	1.275740e+00
2.993601e-01	6.350981e-01	1.848828e+00	1.277978e+00
2.997343e-01	6.399294e-01	1.852906e+00	1.280222e+00
3.001085e-01	6.448022e-01	1.857024e+00	1.282471e+00
3.004827e-01	6.497170e-01	1.861181e+00	1.284727e+00
3.008569e-01	6.546742e-01	1.865379e+00	1.286988e+00
3.012311e-01	6.596743e-01	1.869618e+00	1.289255e+00
3.016053e-01	6.647177e-01	1.873898e+00	1.291528e+00
3.019795e-01	6.698049e-01	1.878219e+00	1.293807e+00
3.023537e-01	6.749362e-01	1.882583e+00	1.296091e+00
3.027279e-01	6.801128e-01	1.886989e+00	1.298382e+00
3.031021e-01	6.853373e-01	1.891437e+00	1.300679e+00
3.034763e-01	6.906075e-01	1.895930e+00	1.302982e+00
3.038505e-01	6.959238e-01	1.900466e+00	1.305291e+00
3.042247e-01	7.012868e-01	1.905046e+00	1.307606e+00
3.045989e-01	7.066968e-01	1.909672e+00	1.309928e+00
3.049731e-01	7.121543e-01	1.914343e+00	1.312255e+00
3.053473e-01	7.176636e-01	1.919059e+00	1.314589e+00
3.057215e-01	7.232223e-01	1.923822e+00	1.316929e+00
3.060957e-01	7.288301e-01	1.928632e+00	1.319275e+00
3.064699e-01	7.344875e-01	1.933489e+00	1.321628e+00
3.068441e-01	7.401951e-01	1.938393e+00	1.323987e+00
3.072183e-01	7.459575e-01	1.943347e+00	1.326352e+00
3.075925e-01	7.517722e-01	1.948349e+00	1.328724e+00
3.079667e-01	7.576386e-01	1.953400e+00	1.331102e+00
3.083409e-01	7.635574e-01	1.958502e+00	1.333487e+00
3.087151e-01	7.695322e-01	1.963654e+00	1.335878e+00
3.090893e-01	7.755631e-01	1.968857e+00	1.338276e+00
3.094635e-01	7.816481e-01	1.974112e+00	1.340680e+00
3.098377e-01	7.877877e-01	1.979419e+00	1.343091e+00
3.102119e-01	7.939872e-01	1.984779e+00	1.345509e+00
3.105861e-01	8.002441e-01	1.990193e+00	1.347933e+00
3.109603e-01	8.065576e-01	1.995660e+00	1.350364e+00
3.113345e-01	8.129301e-01	2.001182e+00	1.352801e+00
3.117087e-01	8.193650e-01	2.006759e+00	1.355246e+00
3.120829e-01	8.258582e-01	2.012392e+00	1.357697e+00
3.124571e-01	8.324115e-01	2.018081e+00	1.360155e+00
3.128313e-01	8.390304e-01	2.023828e+00	1.362620e+00
3.132055e-01	8.457097e-01	2.029632e+00	1.365092e+00
3.135797e-01	8.524515e-01	2.035495e+00	1.367570e+00
3.139539e-01	8.592609e-01	2.041417e+00	1.370056e+00
3.143281e-01	8.661326e-01	2.047398e+00	1.372549e+00
3.147023e-01	8.730709e-01	2.053440e+00	1.375048e+00
3.150765e-01	8.800772e-01	2.059543e+00	1.377555e+00
3.154507e-01	8.871481e-01	2.065708e+00	1.380069e+00
3.158249e-01	8.942911e-01	2.071935e+00	1.382590e+00
3.161991e-01	9.015013e-01	2.078226e+00	1.385117e+00
3.165733e-01	9.087814e-01	2.084580e+00	1.387652e+00
3.169475e-01	9.161342e-01	2.090999e+00	1.390195e+00
3.173217e-01	9.235555e-01	2.097483e+00	1.392744e+00
3.176959e-01	9.310544e-01	2.104034e+00	1.395301e+00
3.180701e-01	9.386232e-01	2.110651e+00	1.397865e+00
3.184443e-01	9.462695e-01	2.117337e+00	1.400436e+00
3.188185e-01	9.539895e-01	2.124090e+00	1.403014e+00
3.191927e-01	9.617872e-01	2.130913e+00	1.405600e+00
3.195669e-01	9.696621e-01	2.137806e+00	1.408194e+00
3.199411e-01	9.776156e-01	2.144770e+00	1.410794e+00
3.203153e-01	9.856490e-01	2.151806e+00	1.413402e+00
3.206895e-01	9.937627e-01	2.158914e+00	1.416018e+00
3.210637e-01	1.001959e+00	2.166096e+00	1.418641e+00
3.214379e-01	1.010237e+00	2.173352e+00	1.421272e+00
3.218121e-01	1.018599e+00	2.180683e+00	1.423910e+00
3.221863e-01	1.027047e+00	2.188090e+00	1.426555e+00
3.225605e-01	1.035579e+00	2.195574e+00	1.429208e+00
3.229347e-01	1.044201e+00	2.203136e+00	1.431869e+00
3.233089e-01	1.052908e+00	2.210776e+00	1.434538e+00
3.236831e-01	1.061708e+00	2.218497e+00	1.437214e+00
3.240573e-01	1.070596e+00	2.226297e+00	1.439897e+00
3.244315e-01	1.079579e+00	2.234180e+00	1.442589e+00
3.248057e-01	1.088653e+00	2.242145e+00	1.445288e+00
3.251799e-01	1.097821e+00	2.250194e+00	1.447995e+00
3.255541e-01	1.107086e+00	2.258327e+00	1.450710e+00
3.259283e-01	1.116446e+00	2.266546e+00	1.453433e+00
3.263025e-01	1.125907e+00	2.274851e+00	1.456163e+00
3.266767e-01	1.135466e+00	2.283245e+00	1.458901e+00
3.270509e-01	1.145124e+00	2.291726e+00	1.461647e+00
3.274251e-01	1.154889e+00	2.300298e+00	1.464401e+00
3.277993e-01	1.164755e+00	2.308960e+00	1.467163e+00
3.281735e-01	1.174724e+00	2.317714e+00	1.469933e+00
3.285477e-01	1.184804e+00	2.326562e+00	1.472711e+00
3.289219e-01	1.194990e+00	2.335504e+00	1.475497e+00
3.292961e-01	1.205283e+00	2.344540e+00	1.478290e+00
3.296703e-01	1.215691e+00	2.353675e+00	1.481092e+00
3.300445e-01	1.226210e+00	2.362906e+00	1.483902e+00
3.304187e-01	1.236842e+00	2.372236e+00	1.486719e+00
3.307929e-01	1.247591e+00	2.381666e+00	1.489545e+00
3.311671e-01	1.258457e+00	2.391199e+00	1.492379e+00
3.315413e-01	1.269442e+00	2.400833e+00	1.495221e+00
3.319155e-01	1.280546e+00	2.410571e+00	1.498072e+00
3.322897e-01	1.291774e+00	2.420415e+00	1.500930e+00
3.326639e-01	1.303127e+00	2.430365e+00	1.503796e+00
3.330381e-01	1.314604e+00	2.440423e+00	1.506671e+00
3.334123e-01	1.326208e+00	2.450589e+00	1.509554e+00
3.337865e-01	1.337941e+00	2.460866e+00	1.512445e+00
3.341607e-01	1.349808e+00	2.471256e+00	1.515344e+00
3.345349e-01	1.361807e+00	2.481759e+00	1.518251e+00
3.349091e-01	1.373940e+00	2.492376e+00	1.521167e+00
3.352833e-01	1.386209e+00	2.503110e+00	1.524091e+00
3.356575e-01	1.398617e+00	2.513960e+00	1.527023e+00
3.360317e-01	1.411167e+00	2.524931e+00	1.529964e+00
3.364059e-01	1.423860e+00	2.536022e+00	1.532912e+00
3.367801e-01	1.436698e+00	2.547236e+00	1.535869e+00
3.371543e-01	1.449682e+00	2.558573e+00	1.538835e+00
3.375285e-01	1.462815e+00	2.570035e+00	1.541808e+00
3.379027e-01	1.476100e+00	2.581623e+00	1.544790e+00
3.382769e-01	1.489537e+00	2.593341e+00	1.547780e+00
3.386511e-01	1.503131e+00	2.605188e+00	1.550779e+00
3.390253e-01	1.516883e+00	2.617168e+00	1.553786e+00
3.393995e-01	1.530796e+00	2.629281e+00	1.556802e+00
3.397737e-01	1.544871e+00	2.641530e+00	1.559825e+00
3.401479e-01	1.559112e+00	2.653915e+00	1.562857e+00
3.405221e-01	1.573519e+00	2.666439e+00	1.565898e+00
3.408963e-01	1.588097e+00	2.679104e+00	1.568947e+00
3.412705e-01	1.602847e+00	2.691911e+00	1.572004e+00
3.416447e-01	1.617772e+00	2.704863e+00	1.575070e+00
3.420189e-01	1.632875e+00	2.717960e+00	1.578144e+00
3.423931e-01	1.648159e+00	2.731206e+00	1.581226e+00
3.427673e-01	1.663625e+00	2.744601e+00	1.584317e+00
3.431415e-01	1.679278e+00	2.758149e+00	1.587416e+00
3.435157e-01	1.695119e+00	2.771850e+00	1.590524e+00
3.438899e-01	1.711151e+00	2.785708e+00	1.593640e+00
3.442641e-01	1.727379e+00	2.799723e+00	1.596764e+00
3.446383e-01	1.743803e+00	2.813899e+00	1.599897e+00
3.450125e-01	1.760428e+00	2.828237e+00	1.603038e+00
3.453867e-01	1.777256e+00	2.842739e+00	1.606188e+00
3.457609e-01	1.794291e+00	2.857408e+00	1.609346e+00
3.461351e-01	1.811536e+00	2.872246e+00	1.612512e+00
3.465093e-01	1.828993e+00	2.887255e+00	1.615687e+00
3.468835e-01	1.846667e+00	2.902437e+00	1.618870e+00
3.472577e-01	1.864560e+00	2.917795e+00	1.622062e+00
3.476319e-01	1.882676e+00	2.933331e+00	1.625262e+00
3.480061e-01	1.901019e+00	2.949047e+00	1.628470e+00
3.483803e-01	1.919592e+00	2.964947e+00	1.631687e+00
3.487545e-01	1.938399e+00	2.981033e+00	1.634912e+00
3.491287e-01	1.957444e+00	2.997306e+00	1.638145e+00
3.495029e-01	1.976729e+00	3.013770e+00	1.641387e+00
3.498771e-01	1.996258e+00	3.030426e+00	1.644637e+00
3.502513e-01	2.016037e+00	3.047279e+00	1.647896e+00
3.506255e-01	2.036067e+00	3.064329e+00	1.651162e+00
3.509997e-01	2.056354e+00	3.081581e+00	1.654437e+00
3.513739e-01	2.076902e+00	3.099037e+00	1.657721e+00
3.517481e-01	2.097716e+00	3.116701e+00	1.661012e+00
3.521223e-01	2.118798e+00	3.134573e+00	1.664312e+00
3.524965e-01	2.140153e+00	3.152658e+00	1.667621e+00
3.528707e-01	2.161786e+00	3.170958e+00	1.670937e+00
3.532449e-01	2.183700e+00	3.189476e+00	1.674262e+00
3.536191e-01	2.205904e+00	3.208217e+00	1.677594e+00
3.539933e-01	2.228398e+00	3.227183e+00	1.680936e+00
3.543675e-01	2.251187e+00	3.246375e+00	1.684285e+00
3.547417e-01	2.274277e+00	3.265799e+00	1.687642e+00
3.551159e-01	2.297673e+00	3.285457e+00	1.691008e+00
3.554901e-01	2.321382e+00	3.305353e+00	1.694381e+00
3.558643e-01	2.345405e+00	3.325489e+00	1.697763e+00
3.562385e-01	2.369749e+00	3.345870e+00	1.701153e+00
3.566127e-01	2.394419e+00	3.366498e+00	1.704551e+00
3.569869e-01	2.419423e+00	3.387379e+00	1.707957e+00
3.573611e-01	2.444763e+00	3.408514e+00	1.711371e+00
3.577353e-01	2.470445e+00	3.429907e+00	1.714793e+00
3.581095e-01	2.496477e+00	3.451563e+00	1.718223e+00
3.584837e-01	2.522863e+00	3.473485e+00	1.721662e+00
3.588579e-01	2.549609e+00	3.495677e+00	1.725107e+00
3.592321e-01	2.576721e+00	3.518142e+00	1.728561e+00
3.596063e-01	2.604208e+00	3.540886e+00	1.732023e+00
3.599805e-01	2.632072e+00	3.563911e+00	1.735493e+00
3.603547e-01	2.660319e+00	3.587221e+00	1.738970e+00
3.607290e-01	2.688962e+00	3.610823e+00	1.742456e+00
3.611032e-01	2.718002e+00	3.634719e+00	1.745949e+00
3.614774e-01	2.747445e+00	3.658912e+00	1.749450e+00
3.618516e-01	2.777303e+00	3.683411e+00	1.752959e+00
3.622258e-01	2.807579e+00	3.708216e+00	1.756475e+00
3.626000e-01	2.838280e+00	3.733332e+00	1.759999e+00
3.629742e-01	2.869418e+00	3.758767e+00	1.763531e+00
3.633484e-01	2.900995e+00	3.784522e+00	1.767070e+00
3.637226e-01	2.933020e+00	3.810603e+00	1.770617e+00
3.640968e-01	2.965504e+00	3.837016e+00	1.774171e+00
3.644710e-01	2.998451e+00	3.863764e+00	1.777733e+00
3.648452e-01	3.031871e+00	3.890854e+00	1.781303e+00
3.652194e-01	3.065772e+00	3.918290e+00	1.784880e+00
3.655936e-01	3.100161e+00	3.946077e+00	1.788464e+00
3.659678e-01	3.135051e+00	3.974222e+00	1.792056e+00
3.663420e-01	3.170445e+00	4.002728e+00	1.795655e+00
3.667162e-01	3.206356e+00	4.031603e+00	1.799262e+00
3.670904e-01	3.242791e+00	4.060850e+00	1.802876e+00
3.674646e-01	3.279760e+00	4.090477e+00	1.806497e+00
3.678388e-01	3.317274e+00	4.120489e+00	1.810125e+00
3.682130e-01	3.355339e+00	4.150890e+00	1.813760e+00
3.685872e-01	3.393970e+00	4.181690e+00	1.817403e+00
3.689614e-01	3.433173e+00	4.212892e+00	1.821053e+00
3.693356e-01	3.472960e+00	4.244504e+00	1.824710e+00
3.697098e-01	3.513341e+00	4.276530e+00	1.828374e+00
3.700840e-01	3.554327e+00	4.308979e+00	1.832045e+00
3.704582e-01	3.595930e+00	4.341857e+00	1.835722e+00
3.708324e-01	3.638159e+00	4.375170e+00	1.839407e+00
3.712066e-01	3.681027e+00	4.408925e+00	1.843099e+00
3.715808e-01	3.724545e+00	4.443129e+00	1.846797e+00
3.719550e-01	3.768727e+00	4.477790e+00	1.850503e+00
3.723292e-01	3.813581e+00	4.512914e+00	1.854215e+00
3.727034e-01	3.859124e+00	4.548509e+00	1.857934e+00
3.730776e-01	3.905365e+00	4.584582e+00	1.861659e+00
3.734518e-01	3.952321e+00	4.621142e+00	1.865391e+00
3.738260e-01	3.999988e+00	4.658188e+00	1.869129e+00
